1930   -29  -23   -9  -24  -24  -17  -15  -10  -10   -8   14   -7    -14 -17    -35  -19  -14   -1  1930
1931   -10  -20   -6  -20  -22   -5    1    0   -6    0  -11   -9     -9  -9    -12  -16   -1   -6  1931
1932    14  -17  -19   -7  -22  -28  -23  -23  -11  -10  -27  -22    -16 -15     -4  -16  -25  -16  1932
1933   -31  -30  -28  -23  -25  -32  -20  -23  -26  -24  -32  -46    -28 -26    -28  -25  -25  -27  1933
1934   -25   -3  -29  -27  -10  -13  -11  -10  -15  -10   -1   -8    -13 -17    -25  -22  -11   -9  1934
1935   -37   12  -13  -35  -26  -22  -19  -16  -17   -7  -28  -21    -19 -18    -11  -25  -19  -17  1935
1936   -29  -39  -24  -20  -15  -18   -5  -11   -5   -2   -4   -2    -15 -16    -29  -20  -12   -4  1936
1937    -8    7  -16  -16   -6   -7   -4    4   14   10   10  -10     -2  -1     -1  -13   -2   11  1937
1938     2   -2    7    5   -7  -16   -8   -4    4   13    3  -23     -2  -1     -3    2   -9    6  1938
1939   -12  -11  -19  -12   -6   -7   -5   -4    1   -2    6   41     -3  -8    -15  -13   -5    1  1939
1940   -13    6   12   16    7    6   11    1   12    8   13   20      8  10     11   12    6   11  1940
1941    12   22    6   11   10    4   16   15    3   25   13   15     13  13     18    9   12   14  1941
1942    28    6   11   13   14   11    2   -3    0    7   13   13     10  10     16   13    4    7  1942
1943     0   22    2   14   11    1   15    3   12   31   26   28     14  12     12    9    6   23  1943
1944    42   32   35   27   27   23   23   23   32   28   13    7     26  28     34   29   23   24  1944
1945    15    5   11   24   11    3    8   26   22   23   10   -9     12  14      9   15   12   18  1945
1946    15    6    0   11   -3  -16   -9   -9   -2   -6   -2  -28     -4  -2      4    3  -11   -3  1946
1947   -10   -6    5    4   -6    0   -6   -9  -14    6   -1  -16     -4  -5    -14    1   -5   -3  1947
1948     5  -12  -23   -9    7   -6  -13  -10  -11   -6   -9  -21     -9  -9     -8   -8  -10   -9  1948
1949     9  -16   -1   -7   -8  -23  -14   -8   -9   -3   -8  -16     -9  -9     -9   -5  -15   -7  1949
1950   -28  -26   -7  -20  -12   -6   -9  -18  -10  -19  -35  -19    -18 -17    -23  -13  -11  -21  1950
1951   -34  -43  -20  -10   -2   -5    1    6    7    8   -1   16     -7  -9    -32  -11    0    5  1951
1952    16   13   -9    1   -6   -4    5    7    8   -3  -16   -2      1   2     15   -4    3   -4  1952
1953     9   16   11   19    9    8    2    8    6    5   -5    4      8   7      8   13    6    2  1953
1954   -27  -10  -12  -17  -19  -15  -16  -13   -7    0    9  -16    -12 -10    -11  -16  -15    1  1954
1955    12  -21  -35  -22  -20   -7   -7    6  -14   -5  -28  -32    -14 -13     -8  -26   -3  -15  1955
1956   -15  -24  -21  -28  -28  -14  -12  -26  -19  -24  -15   -9    -20 -22    -24  -26  -17  -19  1956
1957   -13   -6   -7   -3    8   16    1   14    7    1    6   16      3   1     -9    0   10    5  1957
1958    38   23    9    2    8   -6    4   -6   -4    3    2    0      6   7     26    6   -3    0  1958
1959     6    9   20   16    6    2    7   -1   -5   -9   -9   -2      3   4      5   14    3   -8  1959
1960    -2   13  -36  -16   -8    1   -2    0    4    8  -12   18     -3  -4      3  -20    0    0  1960
1961     7   19   10   16   14   11   -3    0    6   -1    3  -15      5   8     15   13    3    2  1961
1962     7   14   11    5   -6    4   -2   -3   -3   -3    5   -2      2   1      2    3    0    0  1962
1963    -3   18  -15   -5  -10    2    8   24   20   15   15   -1      6   6      5  -10   11   17  1963
1964    -7  -11  -24  -30  -25   -7   -7  -22  -28  -30  -20  -30    -20 -18     -6  -26  -12  -26  1964
1965    -8  -18  -12  -19  -15  -10  -10   -1  -14   -3   -5   -6    -10 -12    -19  -15   -7   -8  1965
1966   -17   -1    5  -13  -10    2    9  -11   -2  -15   -2   -5     -5  -5     -8   -6    0   -6  1966
1967    -7  -19    4   -6   13   -8   -1    2   -5    7   -6   -2     -2  -3    -10    4   -2   -1  1967
1968   -23  -14   22   -5  -10   -6  -10  -11  -19   11   -4  -14     -7  -6    -13    2   -9   -4  1968
1969   -11  -14    1   18   20    5   -1    3   10   10   12   28      7   3    -13   13    2   11  1969
1970    10   23    8   10   -5   -2   -4  -11   11    4    2  -13      3   6     20    4   -6    6  1970
1971    -3  -21  -19  -10   -6  -18  -12   -3    0   -6   -4   -8     -9  -9    -12  -12  -11   -3  1971
1972   -25  -17    3   -1   -1    4    2   18    4    8    2   19      1  -1    -16    0    8    5  1972
1973    28   31   26   26   26   16    9    2    6   12    6   -6     15  17     26   26    9    8  1973
1974   -14  -28   -5  -10    0   -5   -3   11  -13   -7   -7  -10     -8  -7    -16   -5    1   -9  1974
1975     8    7   14    6   16   -1   -3  -21   -3  -10  -16  -17     -2  -1      1   12   -8   -9  1975
1976    -1   -7  -21   -9  -22  -15  -12  -17  -10  -26   -6    8    -12 -14     -8  -18  -15  -14  1976
1977    17   20   25   27   30   25   23   19    2    5   20    5     18  18     15   27   22    9  1977
1978     7   12   21   14    6   -3    6  -18    5    1   17   11      7   6      8   14   -5    8  1978
1979    14   -8   18   12    5   13    2   14   26   25   29   47     16  13      6   12   10   27  1979
1980    30   42   29   32   34   16   29   26   21   19   29   20     27  29     40   32   24   23  1980
