1980    30   42   29   32   34   16   29   26   21   19   29   20     27  29     40   32   24   23  1980
1981    55   41   49   31   23   31   34   33   17   14   22   39     32  31     38   34   33   17  1981
1982     8   15   -3    9   15    5   12    9   16   13   12   42     13  12     21    7    9   14  1982
1983    52   40   42   30   36   18   15   30   38   16   31   17     30  33     45   36   21   28  1983
1984    31   17   29   10   34    5   15   15   19   15    4   -6     16  17     21   24   12   13  1984
1985    21   -7   16   11   18   16   -2   14   15   11    9   15     11  10      3   15    9   12  1985
1986    29   38   29   25   26   12   13   11    1   14   11   15     19  19     27   27   12    9  1986
1987    35   45   16   24   26   35   46   28   38   31   24   47     33  30     32   22   36   31  1987
1988    56   41   48   44   44   42   34   45   40   38   12   34     40  41     48   45   40   30  1988
1989    16   34   36   33   17   14   33   35   36   33   20   36     28  28     28   29   27   29  1989
1990    40   40   75   54   46   37   43   29   29   42   45   41     43  43     39   59   36   39  1990
1991    42   50   35   52   39   54   51   41   49   31   30   32     42  43     44   42   48   37  1991
1992    45   42   46   23   32   23   13    9   -1    9    4   21     22  23     40   34   15    4  1992
1993    37   38   35   26   26   23   27   13   10   22    7   19     24  24     32   29   21   13  1993
1994    30    3   26   40   28   41   31   22   31   42   45   36     31  30     17   31   31   39  1994
1995    50   78   44   46   28   44   48   48   34   48   44   29     45  46     55   40   47   42  1995
1996    27   48   34   36   29   26   35   48   26   20   40   40     34  33     35   33   36   29  1996
1997    32   37   51   36   38   54   36   42   55   65   65   59     47  46     36   42   44   62  1997
1998    60   88   61   63   71   77   70   68   45   46   49   57     63  63     69   65   71   47  1998
1999    47   67   32   33   32   37   41   34   43   43   40   47     41  42     57   33   37   42  1999
2000    26   58   59   59   39   43   42   42   43   29   33   30     42  43     44   52   42   35  2000
2001    44   45   57   52   59   54   60   49   55   52   70   54     54  52     40   56   54   59  2001
2002    74   76   90   58   65   54   60   54   64   56   59   41     63  64     68   71   56   59  2002
2003    72   54   57   54   62   48   54   65   65   75   54   73     61  58     56   58   56   65  2003
2004    57   69   65   62   42   42   27   45   52   65   72   51     54  56     67   56   38   63  2004
2005    72   57   69   69   65   66   65   63   77   80   75   67     69  67     60   68   65   77  2005
2006    57   72   63   50   47   64   54   72   64   70   73   77     64  63     65   53   63   69  2006
2007    97   69   71   75   68   57   62   61   64   60   57   49     66  68     81   71   60   60  2007
2008    26   35   73   53   51   47   61   44   65   67   67   55     54  53     37   59   51   66  2008
2009    61   53   54   61   64   66   72   67   70   65   78   65     65  64     57   60   68   71  2009
2010    74   79   92   87   75   64   62   65   62   72   80   49     72  73     73   85   64   71  2010
2011    51   52   65   65   54   59   75   74   56   67   56   54     60  60     51   61   69   60  2011
2012    46   50   58   69   77   62   57   64   76   79   75   53     64  64     50   68   61   77  2012
2013    67   57   66   54   62   65   59   66   77   69   81   67     66  65     59   61   64   76  2013
2014    74   51   78   79   87   66   58   82   91   87   70   79     75  74     64   81   69   82  2014
2015    82   87   91   74   79   79   73   78   82  107  101  110     87  84     83   81   77   97  2015
